1	0.00122145
2	0.00167551
3	0.00229837
4	0.00315277
5	0.00379432
6	0.00520482
7	0.00632735
8	0.00853643
9	0.00977057
10	0.0134027
11	0.018385
12	0.0207622
13	0.0209263
14	0.0287054
15	0.0315237
16	0.0351724
17	0.037538
18	0.0386223
19	0.0415143
20	0.0510076
21	0.0512745
22	0.052919
23	0.0581145
24	0.0597077
25	0.0605848
26	0.0662176
27	0.0688375
28	0.0689879
29	0.0710875
30	0.0819592
31	0.0826412
32	0.0832007
33	0.0894309
34	0.0917579
35	0.093909
36	0.0970828
37	0.09711
38	0.0987767
39	0.0996879
40	0.103239
41	0.104921
42	0.105017
43	0.108213
44	0.108841
45	0.111673
46	0.112815
47	0.112929
48	0.115194
49	0.122538
50	0.122963
51	0.12556
52	0.125659
53	0.127411
54	0.129189
55	0.129386
56	0.130218
57	0.130802
58	0.131153
59	0.133403
60	0.137061
61	0.139413
62	0.140573
63	0.143249
64	0.14335
65	0.143848
66	0.144214
67	0.147966
68	0.14948
69	0.150304
70	0.151764
71	0.152264
72	0.152534
73	0.152767
74	0.156167
75	0.157938
76	0.158458
77	0.159777
78	0.16238
79	0.164645
80	0.16778
81	0.168805
82	0.169735
83	0.170458
84	0.172114
85	0.17417
86	0.177159
87	0.17722
88	0.177867
89	0.181082
90	0.181543
91	0.188726
92	0.189029
93	0.189756
94	0.190523
95	0.191687
96	0.193054
97	0.197132
98	0.197501
99	0.198589
100	0.199527
101	0.20191
102	0.201967
103	0.202455
104	0.203411
105	0.204591
106	0.204937
107	0.206733
108	0.213719
109	0.214461
110	0.219488
111	0.221223
112	0.221637
113	0.222991
114	0.2245
115	0.224739
116	0.226609
117	0.22905
118	0.229437
119	0.230578
120	0.230717
121	0.231752
122	0.233321
123	0.234173
124	0.235223
125	0.235438
126	0.236952
127	0.237656
128	0.239265
129	0.239691
130	0.240766
131	0.241601
132	0.243829
133	0.246742
134	0.247048
135	0.248902
136	0.249605
137	0.251053
138	0.252436
139	0.253407
140	0.254543
141	0.254584
142	0.255668
143	0.257587
144	0.26118
145	0.262352
146	0.26336
147	0.265143
148	0.267033
149	0.268114
150	0.268997
151	0.270143
152	0.270649
153	0.272219
154	0.280082
155	0.280337
156	0.281214
157	0.282764
158	0.283744
159	0.28478
160	0.28582
161	0.287241
162	0.288237
163	0.288544
164	0.288654
165	0.289352
166	0.291524
167	0.29173
168	0.295399
169	0.295643
170	0.295812
171	0.296161
172	0.298273
173	0.298643
174	0.299329
175	0.299511
176	0.299599
177	0.302363
178	0.303023
179	0.304188
180	0.30578
181	0.307554
182	0.307977
183	0.308991
184	0.309739
185	0.310069
186	0.31068
187	0.310994
188	0.311607
189	0.312161
190	0.313042
191	0.314022
192	0.315292
193	0.315726
194	0.318639
195	0.320306
196	0.320383
197	0.321896
198	0.321936
199	0.322943
200	0.32306
201	0.324071
202	0.325525
203	0.325567
204	0.325971
205	0.328295
206	0.328353
207	0.330358
208	0.330837
209	0.33182
210	0.331934
211	0.332921
212	0.334755
213	0.335415
214	0.336578
215	0.338433
216	0.339668
217	0.340012
218	0.341132
219	0.341243
220	0.341279
221	0.342243
222	0.342765
223	0.343783
224	0.344052
225	0.344696
226	0.346913
227	0.348391
228	0.348743
229	0.348863
230	0.3499
231	0.350995
232	0.35407
233	0.354264
234	0.354832
235	0.357361
236	0.357614
237	0.357893
238	0.358133
239	0.360436
240	0.361624
241	0.362413
242	0.364516
243	0.36452
244	0.367256
245	0.367389
246	0.368191
247	0.368271
248	0.368997
249	0.370039
250	0.370343
251	0.370458
252	0.371504
253	0.372042
254	0.372158
255	0.37248
256	0.372615
257	0.373843
258	0.374659
259	0.375521
260	0.375963
261	0.376972
262	0.378846
263	0.379292
264	0.379293
265	0.380909
266	0.381117
267	0.382659
268	0.382798
269	0.383352
270	0.38428
271	0.384355
272	0.385688
273	0.38667
274	0.38675
275	0.387371
276	0.388938
277	0.391572
278	0.392384
279	0.392982
280	0.393259
281	0.393275
282	0.393513
283	0.394054
284	0.394213
285	0.394813
286	0.39482
287	0.395145
288	0.395748
289	0.395924
290	0.396704
291	0.397196
292	0.397326
293	0.397819
294	0.398313
295	0.39832
296	0.398722
297	0.398952
298	0.399823
299	0.400611
300	0.401802
301	0.402825
302	0.402917
303	0.403501
304	0.404028
305	0.404099
306	0.404529
307	0.407
308	0.407688
309	0.408122
310	0.408847
311	0.408903
312	0.408949
313	0.410103
314	0.410218
315	0.411069
316	0.411097
317	0.411231
318	0.412657
319	0.413196
320	0.413555
321	0.413659
322	0.415938
323	0.416024
324	0.418201
325	0.418721
326	0.419016
327	0.419283
328	0.420068
329	0.420102
330	0.420149
331	0.421764
332	0.422839
333	0.423108
334	0.425106
335	0.425824
336	0.426056
337	0.42746
338	0.427463
339	0.428149
340	0.42924
341	0.430278
342	0.430358
343	0.431574
344	0.432167
345	0.432651
346	0.432865
347	0.433402
348	0.433455
349	0.433457
350	0.43496
351	0.43505
352	0.436343
353	0.437856
354	0.438719
355	0.439062
356	0.439067
357	0.440441
358	0.440694
359	0.441006
360	0.44102
361	0.441627
362	0.442234
363	0.443483
364	0.443515
365	0.443517
366	0.443989
367	0.44482
368	0.446212
369	0.446496
370	0.446508
371	0.447062
372	0.447709
373	0.447728
374	0.448869
375	0.448921
376	0.44898
377	0.448981
378	0.448981
379	0.448981
380	0.449866
381	0.449963
382	0.450551
383	0.450554
384	0.453306
385	0.453325
386	0.455955
387	0.456686
388	0.456808
389	0.456827
390	0.456869
391	0.456968
392	0.457507
393	0.458019
394	0.458169
395	0.458709
396	0.460663
397	0.461837
398	0.465129
399	0.465187
400	0.465657
401	0.466674
402	0.466708
403	0.466709
404	0.466978
405	0.468516
406	0.468568
407	0.468867
408	0.469055
409	0.469061
410	0.469061
411	0.470034
412	0.470618
413	0.470817
414	0.471401
415	0.471929
416	0.472613
417	0.472834
418	0.473168
419	0.473599
420	0.47381
421	0.473875
422	0.474038
423	0.474839
424	0.474854
425	0.475839
426	0.476113
427	0.477265
428	0.477399
429	0.478022
430	0.478327
431	0.478952
432	0.479242
433	0.479868
434	0.480766
435	0.480775
436	0.480776
437	0.480776
438	0.480776
439	0.480776
440	0.480776
441	0.480776
442	0.480776
443	0.480776
444	0.480776
445	0.480776
446	0.480776
447	0.480776
448	0.481171
449	0.481196
450	0.481318
451	0.481735
452	0.482787
453	0.482805
454	0.48358
455	0.484122
456	0.484983
457	0.485449
458	0.485891
459	0.486021
460	0.486022
461	0.486489
462	0.488359
463	0.489372
464	0.490754
465	0.490805
466	0.490808
467	0.491637
468	0.491844
469	0.491997
470	0.492872
471	0.492886
472	0.492898
473	0.492909
474	0.493407
475	0.493422
476	0.493423
477	0.493423
478	0.493548
479	0.49535
480	0.496031
481	0.497171
482	0.4972
483	0.497817
484	0.497824
485	0.497824
486	0.497824
487	0.497824
488	0.497824
489	0.498057
490	0.49806
491	0.49806
492	0.498241
493	0.498244
494	0.498391
495	0.498663
496	0.498671
497	0.499357
498	0.499836
499	0.499853
500	0.500034
501	0.500131
502	0.500279
503	0.500582
504	0.50069
505	0.500993
506	0.501006
507	0.501006
508	0.501342
509	0.501351
510	0.501351
511	0.501351
512	0.501356
513	0.501356
514	0.501356
515	0.501603
516	0.501606
517	0.502019
518	0.502112
519	0.502268
520	0.502274
521	0.502274
522	0.502965
523	0.502982
524	0.503147
525	0.503395
526	0.504052
527	0.504647
528	0.505273
529	0.505288
530	0.505915
531	0.505939
532	0.50623
533	0.506292
534	0.506292
535	0.506831
536	0.506842
537	0.506842
538	0.507894
539	0.507895
540	0.507895
541	0.507895
542	0.507895
543	0.507895
544	0.507895
545	0.508313
546	0.509217
547	0.509268
548	0.510782
549	0.510791
550	0.511257
551	0.51183
552	0.51184
553	0.51212
554	0.512755
555	0.512765
556	0.512822
557	0.512896
558	0.512899
559	0.513139
560	0.51315
561	0.51315
562	0.51315
563	0.51315
564	0.513151
565	0.513391
566	0.513718
567	0.513734
568	0.513812
569	0.515055
570	0.515351
571	0.515364
572	0.515364
573	0.515364
574	0.515364
575	0.515364
576	0.515364
577	0.515364
578	0.515364
579	0.515364
580	0.515364
581	0.515364
582	0.515364
583	0.515551
584	0.515642
585	0.515642
586	0.515642
587	0.515642
588	0.515684
589	0.516601
590	0.518137
591	0.518503
592	0.518511
593	0.519063
594	0.519146
595	0.520023
596	0.520061
597	0.520896
598	0.521003
599	0.521165
600	0.521533
601	0.521608
602	0.522535
603	0.522821
604	0.522983
605	0.522986
606	0.523219
607	0.523266
608	0.523446
609	0.523975
610	0.524156
611	0.524158
612	0.524158
613	0.525427
614	0.525499
615	0.525502
616	0.525567
617	0.525567
618	0.5257
619	0.525756
620	0.525756
621	0.525758
622	0.525758
623	0.526693
624	0.527084
625	0.52793
626	0.527971
627	0.527972
628	0.528154
629	0.528155
630	0.528429
631	0.528437
632	0.529929
633	0.529991
634	0.529992
635	0.529992
636	0.529996
637	0.529997
638	0.529997
639	0.529997
640	0.530179
641	0.53018
642	0.53018
643	0.530195
644	0.530443
645	0.530748
646	0.53095
647	0.530958
648	0.530958
649	0.531234
650	0.531671
651	0.531765
652	0.531767
653	0.532003
654	0.532005
655	0.532065
656	0.532206
657	0.532213
658	0.532213
659	0.532329
660	0.53233
661	0.53233
662	0.53233
663	0.5331
664	0.53314
665	0.53314
666	0.534499
667	0.534522
668	0.534748
669	0.534808
670	0.535582
671	0.5356
672	0.535851
673	0.535863
674	0.535863
675	0.535863
676	0.535863
677	0.535863
678	0.535863
679	0.535863
680	0.535863
681	0.535863
682	0.535863
683	0.535863
684	0.536352
685	0.536631
686	0.536637
687	0.537179
688	0.537207
689	0.537549
690	0.537948
691	0.53795
692	0.538259
693	0.538268
694	0.538269
695	0.538269
696	0.538269
697	0.538269
698	0.538269
699	0.538294
700	0.538655
701	0.538907
702	0.538911
703	0.539615
704	0.539942
705	0.540434
706	0.540443
707	0.540723
708	0.540801
709	0.540887
710	0.540891
711	0.540891
712	0.540891
713	0.540891
714	0.540891
715	0.540891
716	0.541021
717	0.541059
718	0.541067
719	0.541321
720	0.541323
721	0.541323
722	0.541323
723	0.541323
724	0.541335
725	0.541335
726	0.541452
727	0.541452
728	0.541452
729	0.541452
730	0.541604
731	0.541606
732	0.541702
733	0.542196
734	0.542437
735	0.543223
736	0.543252
737	0.543397
738	0.543403
739	0.543403
740	0.543403
741	0.543458
742	0.544132
743	0.54416
744	0.544161
745	0.544161
746	0.544161
747	0.544508
748	0.544524
749	0.544524
750	0.544524
751	0.544524
752	0.544524
753	0.544721
754	0.544818
755	0.545005
756	0.545585
757	0.545587
758	0.545588
759	0.545588
760	0.545712
761	0.545718
762	0.545718
763	0.545718
764	0.545718
765	0.545718
766	0.545718
767	0.545718
768	0.545718
769	0.545718
770	0.545735
771	0.545736
772	0.545736
773	0.546084
774	0.546089
775	0.546089
776	0.546186
777	0.546187
778	0.546501
779	0.546507
780	0.54698
781	0.546982
782	0.547065
783	0.547068
784	0.547068
785	0.547068
786	0.547621
787	0.547633
788	0.547633
789	0.547633
790	0.547633
791	0.547633
792	0.547633
793	0.547633
794	0.548108
795	0.548163
796	0.548175
797	0.54825
798	0.548252
799	0.548262
800	0.548262
801	0.548262
802	0.548262
803	0.548262
804	0.548262
805	0.548262
806	0.548262
807	0.548262
808	0.548312
809	0.548314
810	0.548314
811	0.548314
812	0.548314
813	0.548314
814	0.548314
815	0.548314
816	0.548314
817	0.548314
818	0.548484
819	0.548693
820	0.548698
821	0.548698
822	0.548698
823	0.548698
824	0.548698
825	0.548698
826	0.548698
827	0.548983
828	0.549085
829	0.549342
830	0.549389
831	0.549389
832	0.549389
833	0.549389
834	0.549389
835	0.549389
836	0.549389
837	0.549389
838	0.549389
839	0.549389
840	0.549389
841	0.549424
842	0.549426
843	0.549426
844	0.550041
845	0.550429
846	0.550746
847	0.550807
848	0.551196
849	0.551211
850	0.551401
851	0.551503
852	0.551504
853	0.551504
854	0.552225
855	0.552248
856	0.552248
857	0.552324
858	0.552325
859	0.552325
860	0.552325
861	0.552325
862	0.552325
863	0.552325
864	0.552325
865	0.552325
866	0.552325
867	0.552325
868	0.552325
869	0.552325
870	0.552325
871	0.552325
872	0.552325
873	0.552332
874	0.552353
875	0.552353
876	0.552705
877	0.552721
878	0.552722
879	0.552722
880	0.552722
881	0.552722
882	0.553008
883	0.553361
884	0.553454
885	0.5537
886	0.554052
887	0.55406
888	0.55406
889	0.55406
890	0.554129
891	0.554131
892	0.554131
893	0.554131
894	0.554131
895	0.554131
896	0.554131
897	0.554131
898	0.554131
899	0.554131
900	0.554131
901	0.554131
902	0.554131
903	0.554131
904	0.554131
905	0.554131
906	0.554131
907	0.554131
908	0.554131
909	0.554131
910	0.554131
911	0.554131
912	0.554131
913	0.554332
914	0.554555
915	0.554592
916	0.554747
917	0.554751
918	0.554751
919	0.554751
920	0.554751
921	0.554751
922	0.554751
923	0.554751
924	0.554751
925	0.554751
926	0.55484
927	0.555031
928	0.555488
929	0.555506
930	0.555506
931	0.555506
932	0.555506
933	0.555506
934	0.555506
935	0.555506
936	0.555506
937	0.555511
938	0.555512
939	0.555904
940	0.55591
941	0.55591
942	0.556184
943	0.556911
944	0.557215
945	0.557219
946	0.557347
947	0.558113
948	0.558164
949	0.55852
950	0.558894
951	0.55891
952	0.559285
953	0.559286
954	0.559746
955	0.559767
956	0.559768
957	0.559803
958	0.559804
959	0.559805
960	0.559805
961	0.559805
962	0.560007
963	0.560013
964	0.560013
965	0.560013
966	0.560013
967	0.560067
968	0.560069
969	0.560069
970	0.560069
971	0.560081
972	0.560081
973	0.560357
974	0.560619
975	0.560624
976	0.560752
977	0.561148
978	0.561166
979	0.561167
980	0.561181
981	0.561181
982	0.561225
983	0.561226
984	0.561226
985	0.561368
986	0.561371
987	0.561465
988	0.56147
989	0.56147
990	0.562009
991	0.562259
992	0.562316
993	0.562317
994	0.562657
995	0.562664
996	0.562664
997	0.562664
998	0.562664
999	0.5628
1000	0.562821
1001	0.563144
1002	0.563744
1003	0.563752
1004	0.563752
1005	0.563815
1006	0.563815
1007	0.563815
1008	0.563815
1009	0.563815
1010	0.563815
1011	0.563815
1012	0.563815
1013	0.563815
1014	0.563815
1015	0.563815
1016	0.563926
1017	0.56397
1018	0.563971
1019	0.563971
1020	0.563971
1021	0.563971
1022	0.564369
1023	0.564371
1024	0.564371
1025	0.564371
1026	0.564371
1027	0.564412
1028	0.564705
1029	0.564718
1030	0.564719
1031	0.564719
1032	0.564767
1033	0.564769
1034	0.565211
1035	0.565212
1036	0.565217
1037	0.565421
1038	0.565427
1039	0.565427
1040	0.565427
1041	0.565427
1042	0.565427
1043	0.565594
1044	0.56571
1045	0.565938
1046	0.566132
1047	0.566145
1048	0.566145
1049	0.566145
1050	0.566145
1051	0.566145
1052	0.566145
1053	0.566689
1054	0.566691
1055	0.566691
1056	0.566691
1057	0.566691
1058	0.566691
1059	0.566691
1060	0.566691
1061	0.566691
1062	0.566691
1063	0.566691
1064	0.566691
1065	0.567158
1066	0.567161
1067	0.567161
1068	0.568337
1069	0.568363
1070	0.568363
1071	0.568363
1072	0.568445
1073	0.568449
1074	0.568449
1075	0.568677
1076	0.568682
1077	0.568682
1078	0.568935
1079	0.568975
1080	0.568976
1081	0.569229
1082	0.569233
1083	0.569233
1084	0.569233
1085	0.569233
1086	0.569233
1087	0.569233
1088	0.569357
1089	0.569358
1090	0.569358
1091	0.569358
1092	0.569358
1093	0.569358
1094	0.569358
1095	0.569358
1096	0.569358
1097	0.569358
1098	0.569358
1099	0.569458
1100	0.569461
1101	0.569461
1102	0.569461
1103	0.569613
1104	0.569615
1105	0.569752
1106	0.569753
1107	0.569807
1108	0.569808
1109	0.569808
1110	0.569808
1111	0.569808
1112	0.569808
1113	0.569808
1114	0.569808
1115	0.569808
1116	0.569808
1117	0.569808
1118	0.569808
1119	0.569808
1120	0.569808
1121	0.569808
1122	0.569808
1123	0.569808
1124	0.569808
1125	0.569808
1126	0.569808
1127	0.569808
1128	0.569808
1129	0.569808
1130	0.569808
1131	0.569808
1132	0.569808
1133	0.569808
1134	0.569808
1135	0.569808
1136	0.569808
1137	0.569808
1138	0.569808
1139	0.569808
1140	0.569808
1141	0.569808
1142	0.569808
1143	0.569808
1144	0.569945
1145	0.56995
1146	0.56995
1147	0.56995
1148	0.56995
1149	0.570332
1150	0.570428
1151	0.57043
1152	0.57043
1153	0.57043
1154	0.570531
1155	0.570535
1156	0.570535
1157	0.570535
1158	0.570959
1159	0.570959
1160	0.57096
1161	0.57096
1162	0.57096
1163	0.57096
1164	0.57096
1165	0.57096
1166	0.57096
1167	0.57096
1168	0.571241
1169	0.571253
1170	0.571253
1171	0.571656
1172	0.571661
1173	0.571661
1174	0.571662
1175	0.571763
1176	0.571767
1177	0.571768
1178	0.571945
1179	0.571947
1180	0.571947
1181	0.571947
1182	0.572071
1183	0.572208
1184	0.572211
1185	0.573911
1186	0.573913
1187	0.573949
1188	0.57408
1189	0.574087
1190	0.574087
1191	0.574087
1192	0.574329
1193	0.574598
1194	0.5746
1195	0.5746
1196	0.5746
1197	0.5746
1198	0.5746
1199	0.5746
1200	0.5746
1201	0.5746
1202	0.5746
1203	0.5746
1204	0.5746
1205	0.5746
1206	0.5746
1207	0.5746
1208	0.5746
1209	0.5746
1210	0.5746
1211	0.5746
1212	0.5746
1213	0.5746
1214	0.5746
1215	0.5746
1216	0.574647
1217	0.574649
1218	0.574682
1219	0.575067
1220	0.575075
1221	0.575075
1222	0.575075
1223	0.575075
1224	0.575244
1225	0.575245
1226	0.575245
1227	0.57577
1228	0.576352
1229	0.576367
1230	0.576367
1231	0.576367
1232	0.576367
1233	0.576405
1234	0.576405
1235	0.576405
1236	0.576405
1237	0.576405
1238	0.576405
1239	0.576405
1240	0.576405
1241	0.576405
1242	0.576405
1243	0.576405
1244	0.576405
1245	0.576405
1246	0.576405
1247	0.576405
1248	0.576405
1249	0.576405
1250	0.576405
1251	0.576405
1252	0.576405
1253	0.576405
1254	0.576405
1255	0.576405
1256	0.576737
1257	0.576753
1258	0.576754
1259	0.576759
1260	0.576759
1261	0.576759
1262	0.576759
1263	0.576842
1264	0.576845
1265	0.576957
1266	0.57696
1267	0.57696
1268	0.57696
1269	0.57696
1270	0.57696
1271	0.57696
1272	0.57696
1273	0.57696
1274	0.57696
1275	0.57696
1276	0.57696
1277	0.57696
1278	0.57696
1279	0.57696
1280	0.57696
1281	0.57696
1282	0.57696
1283	0.57696
1284	0.57696
1285	0.57696
1286	0.57696
1287	0.57696
1288	0.57696
1289	0.577062
1290	0.577066
1291	0.577067
1292	0.577067
1293	0.577067
1294	0.577077
1295	0.577078
1296	0.577078
1297	0.577078
1298	0.577078
1299	0.577165
1300	0.577169
1301	0.577276
1302	0.577508
1303	0.577509
1304	0.577509
1305	0.577509
1306	0.577509
1307	0.577509
1308	0.577509
1309	0.577509
1310	0.577509
1311	0.577509
1312	0.577509
1313	0.577509
1314	0.577509
1315	0.577509
1316	0.577509
1317	0.577509
1318	0.577509
1319	0.577808
1320	0.577823
1321	0.577902
1322	0.577903
1323	0.577903
1324	0.578487
1325	0.578497
1326	0.578754
1327	0.578851
1328	0.578856
1329	0.578856
1330	0.578856
1331	0.578856
1332	0.578856
1333	0.578856
1334	0.578856
1335	0.578856
1336	0.578856
1337	0.578856
1338	0.578856
1339	0.578856
1340	0.578856
1341	0.578856
1342	0.578856
1343	0.578856
1344	0.578856
1345	0.578856
1346	0.578856
1347	0.578856
1348	0.578856
1349	0.578856
1350	0.578856
1351	0.578856
1352	0.578856
1353	0.578856
1354	0.578969
1355	0.57897
1356	0.57897
1357	0.57897
1358	0.57897
1359	0.579053
1360	0.579057
1361	0.579057
1362	0.579057
1363	0.579057
1364	0.579087
1365	0.579089
1366	0.579089
1367	0.579089
1368	0.579089
1369	0.579089
1370	0.579089
1371	0.579089
1372	0.579089
1373	0.579089
1374	0.579089
1375	0.579333
1376	0.579346
1377	0.579346
1378	0.579346
1379	0.579346
1380	0.579346
1381	0.579407
1382	0.579409
1383	0.579409
1384	0.579409
1385	0.579409
1386	0.579409
1387	0.579409
1388	0.579409
1389	0.579409
1390	0.579409
1391	0.579409
1392	0.579409
1393	0.579409
1394	0.579409
1395	0.579409
1396	0.579506
1397	0.579507
1398	0.579507
1399	0.579507
1400	0.579565
1401	0.579568
1402	0.579568
1403	0.579568
1404	0.579568
1405	0.579568
1406	0.579618
1407	0.57962
1408	0.57962
1409	0.57962
1410	0.57962
1411	0.57962
1412	0.57962
1413	0.57962
1414	0.57962
1415	0.57962
1416	0.57962
1417	0.57962
1418	0.57962
1419	0.57962
1420	0.57962
1421	0.57962
1422	0.57962
1423	0.57962
1424	0.57962
1425	0.57962
1426	0.57962
1427	0.57962
1428	0.57962
1429	0.57962
1430	0.57962
1431	0.57962
1432	0.579921
1433	0.57993
1434	0.579931
1435	0.580102
1436	0.580103
1437	0.580104
1438	0.580149
1439	0.580149
1440	0.580149
1441	0.580194
1442	0.580196
1443	0.580196
1444	0.580196
1445	0.580196
1446	0.580196
1447	0.580196
1448	0.580329
1449	0.58055
1450	0.580558
1451	0.580705
1452	0.580705
1453	0.580706
1454	0.58116
1455	0.581181
1456	0.581182
1457	0.581182
1458	0.581182
1459	0.581182
1460	0.581182
1461	0.581182
1462	0.581182
1463	0.581182
1464	0.581182
1465	0.581182
1466	0.581182
1467	0.581182
1468	0.581182
1469	0.581182
1470	0.581182
1471	0.581182
1472	0.581182
1473	0.581182
1474	0.581182
1475	0.581182
1476	0.581182
1477	0.581182
1478	0.581182
1479	0.581182
1480	0.581182
1481	0.581182
1482	0.581182
1483	0.581182
1484	0.581182
1485	0.581483
1486	0.581488
1487	0.581488
1488	0.581492
1489	0.581492
1490	0.581492
1491	0.581492
1492	0.581492
1493	0.581492
1494	0.581492
1495	0.581492
1496	0.581492
1497	0.581492
1498	0.581492
1499	0.581492
1500	0.581672
1501	0.581678
1502	0.581678
1503	0.581678
1504	0.581678
1505	0.581965
1506	0.581967
1507	0.581967
1508	0.582076
1509	0.58208
1510	0.58208
1511	0.582119
1512	0.58212
1513	0.58212
1514	0.58212
1515	0.58212
1516	0.58212
1517	0.58212
1518	0.58212
1519	0.582181
1520	0.582182
1521	0.582254
1522	0.582255
1523	0.582542
1524	0.582788
1525	0.582804
1526	0.582804
1527	0.583216
1528	0.583231
1529	0.583231
1530	0.583231
1531	0.583403
1532	0.583428
1533	0.583429
1534	0.583429
1535	0.583429
1536	0.583429
1537	0.583429
1538	0.583429
1539	0.583429
1540	0.583429
1541	0.583429
1542	0.583429
1543	0.583429
1544	0.583429
1545	0.583429
1546	0.583429
1547	0.583429
1548	0.583429
1549	0.583429
1550	0.583429
1551	0.583429
1552	0.583429
1553	0.583429
1554	0.583429
1555	0.583429
1556	0.58361
1557	0.583614
1558	0.583614
1559	0.583614
1560	0.583614
1561	0.583614
1562	0.583614
1563	0.583614
1564	0.583614
1565	0.583614
1566	0.583614
1567	0.583614
1568	0.583614
1569	0.583614
1570	0.583614
1571	0.583614
1572	0.583694
1573	0.583697
1574	0.583697
1575	0.583697
1576	0.583697
1577	0.583697
1578	0.583697
1579	0.583697
1580	0.584016
1581	0.584046
1582	0.584047
1583	0.584258
1584	0.584267
1585	0.584267
1586	0.584267
1587	0.584267
1588	0.584267
1589	0.584407
1590	0.584408
1591	0.584408
1592	0.584408
1593	0.584408
1594	0.584408
1595	0.584408
1596	0.584408
1597	0.584408
1598	0.584408
1599	0.584408
1600	0.584408
1601	0.584408
1602	0.584408
1603	0.584408
1604	0.584408
1605	0.584408
1606	0.584408
1607	0.584408
1608	0.584408
1609	0.584408
1610	0.584408
1611	0.584408
1612	0.584408
1613	0.584408
1614	0.584408
1615	0.584408
1616	0.584408
1617	0.584408
1618	0.584408
1619	0.584408
1620	0.584408
1621	0.584408
1622	0.584408
1623	0.584408
1624	0.584408
1625	0.584408
1626	0.584408
1627	0.584408
1628	0.584408
1629	0.584408
1630	0.584408
1631	0.584408
1632	0.584408
1633	0.584408
1634	0.584408
1635	0.584408
1636	0.584408
1637	0.584408
1638	0.584408
1639	0.584408
1640	0.584408
1641	0.584408
1642	0.584408
1643	0.584564
1644	0.58457
1645	0.58457
1646	0.584805
1647	0.584996
1648	0.585001
1649	0.585001
1650	0.585001
1651	0.585001
1652	0.585001
1653	0.585001
1654	0.585355
1655	0.585363
1656	0.585363
1657	0.585363
1658	0.585363
1659	0.585395
1660	0.585403
1661	0.585403
1662	0.585403
1663	0.585403
1664	0.585403
1665	0.585403
1666	0.585403
1667	0.585403
1668	0.585403
1669	0.585403
1670	0.585403
1671	0.585403
1672	0.585403
1673	0.585403
1674	0.585403
1675	0.585403
1676	0.585403
1677	0.585403
1678	0.585403
1679	0.585403
1680	0.585403
1681	0.585403
1682	0.585403
1683	0.585403
1684	0.585403
1685	0.585403
1686	0.585487
1687	0.58549
1688	0.58549
1689	0.58549
1690	0.58549
1691	0.58549
1692	0.58549
1693	0.585624
1694	0.585629
1695	0.585629
1696	0.585629
1697	0.585629
1698	0.585629
1699	0.585629
1700	0.585629
1701	0.585629
1702	0.585629
1703	0.585629
1704	0.585629
1705	0.585629
1706	0.585629
1707	0.585629
1708	0.585864
1709	0.585876
1710	0.585876
1711	0.585884
1712	0.585884
1713	0.585884
1714	0.585884
1715	0.585884
1716	0.585884
1717	0.585884
1718	0.585884
1719	0.585884
1720	0.585884
1721	0.585884
1722	0.585884
1723	0.585884
1724	0.585884
1725	0.585884
1726	0.585884
1727	0.585884
1728	0.585884
1729	0.585884
1730	0.585884
1731	0.585884
1732	0.585889
1733	0.58589
1734	0.58589
1735	0.58589
1736	0.586054
1737	0.586059
1738	0.586059
1739	0.586059
1740	0.586059
1741	0.58618
1742	0.587074
1743	0.587079
1744	0.587079
1745	0.587079
1746	0.587079
1747	0.587079
1748	0.587079
1749	0.587079
1750	0.587079
1751	0.587079
1752	0.587079
1753	0.587114
1754	0.587116
1755	0.587116
1756	0.587116
1757	0.587923
1758	0.587963
1759	0.587964
1760	0.587964
1761	0.587964
1762	0.587964
1763	0.587964
1764	0.587964
1765	0.587964
1766	0.587964
1767	0.587964
1768	0.587964
1769	0.587964
1770	0.587964
1771	0.587964
1772	0.587964
1773	0.587964
1774	0.587964
1775	0.587964
1776	0.587964
1777	0.588694
1778	0.588731
1779	0.588732
1780	0.588735
1781	0.588735
1782	0.588735
1783	0.588735
1784	0.588735
1785	0.588735
1786	0.588735
1787	0.588735
1788	0.588735
1789	0.588735
1790	0.588735
1791	0.588735
1792	0.588735
1793	0.58911
1794	0.58912
1795	0.589323
1796	0.589328
1797	0.589328
1798	0.589328
1799	0.589328
1800	0.589328
1801	0.589328
1802	0.589328
1803	0.589328
1804	0.589328
1805	0.589328
1806	0.589521
1807	0.589526
1808	0.589526
1809	0.589526
1810	0.589526
1811	0.589526
1812	0.589602
1813	0.589603
1814	0.589603
1815	0.589603
1816	0.589603
1817	0.589603
1818	0.589979
1819	0.589994
1820	0.589995
1821	0.589995
1822	0.589995
1823	0.589995
1824	0.589995
1825	0.589995
1826	0.589995
1827	0.589995
1828	0.589995
1829	0.589995
1830	0.589995
1831	0.589995
1832	0.589995
1833	0.590105
1834	0.590105
1835	0.590105
1836	0.590105
1837	0.590105
1838	0.590105
1839	0.590105
1840	0.590105
1841	0.590105
1842	0.590105
1843	0.590105
1844	0.590105
1845	0.590105
1846	0.590105
1847	0.590105
1848	0.590105
1849	0.590105
1850	0.590105
1851	0.590105
1852	0.590105
1853	0.590355
1854	0.590363
1855	0.590363
1856	0.590385
1857	0.590823
1858	0.59084
1859	0.59084
1860	0.59084
1861	0.59084
1862	0.59084
1863	0.591024
1864	0.59103
1865	0.591031
1866	0.591031
1867	0.591031
1868	0.591031
1869	0.591031
1870	0.591031
1871	0.591031
1872	0.591031
1873	0.591031
1874	0.591031
1875	0.591031
1876	0.591031
1877	0.591031
1878	0.591031
1879	0.591031
1880	0.591031
1881	0.591031
1882	0.591031
1883	0.591031
1884	0.591031
1885	0.591031
1886	0.591031
1887	0.591031
1888	0.591031
1889	0.591031
1890	0.591031
1891	0.591031
1892	0.591031
1893	0.591031
1894	0.591031
1895	0.591031
1896	0.591031
1897	0.591031
1898	0.591031
1899	0.591031
1900	0.591031
1901	0.591031
1902	0.591031
1903	0.591031
1904	0.591031
1905	0.591031
1906	0.591031
1907	0.591031
1908	0.591031
1909	0.591031
1910	0.591031
1911	0.591031
1912	0.591031
1913	0.591058
1914	0.591058
1915	0.591058
1916	0.591058
1917	0.591058
1918	0.591058
1919	0.591069
1920	0.591069
1921	0.591069
1922	0.591069
1923	0.591069
1924	0.591069
1925	0.591069
1926	0.591211
1927	0.591214
1928	0.591214
1929	0.59125
1930	0.59125
1931	0.59125
1932	0.59125
1933	0.59125
1934	0.59125
1935	0.59125
1936	0.59125
1937	0.59125
1938	0.59125
1939	0.59125
1940	0.59125
1941	0.59125
1942	0.59125
1943	0.59125
1944	0.59125
1945	0.59125
1946	0.59125
1947	0.59125
1948	0.59125
1949	0.59125
1950	0.5914
1951	0.591406
1952	0.591406
1953	0.591406
1954	0.591406
1955	0.591406
1956	0.591406
1957	0.591406
1958	0.591406
1959	0.591406
1960	0.591406
1961	0.591406
1962	0.591406
1963	0.591406
1964	0.591406
1965	0.591406
1966	0.591406
1967	0.591406
1968	0.591406
1969	0.591406
1970	0.591406
1971	0.591406
1972	0.591406
1973	0.591406
1974	0.591406
1975	0.591406
1976	0.591406
1977	0.591406
1978	0.591406
1979	0.591436
1980	0.591437
1981	0.591437
1982	0.591437
1983	0.591437
1984	0.591443
1985	0.591443
1986	0.591443
1987	0.591443
1988	0.591443
1989	0.591627
1990	0.591634
1991	0.591634
1992	0.591634
1993	0.591634
1994	0.591884
1995	0.591973
1996	0.591978
1997	0.591978
1998	0.591978
1999	0.592094
2000	0.592099
